session_id,utterance_id,role,content,timestamp
mvpzxhr,0,background,[unclear],00:00:00
mvpzxhr,1,tutor,"Hello, Julian. Can you hear me?",00:00:00
mvpzxhr,2,student,Yes.,00:00:07
mvpzxhr,3,tutor,"All right, Julian. So how was your day?",00:00:09
mvpzxhr,4,student,"Been good, thank you. What about you?",00:00:12
mvpzxhr,5,tutor,"Alright, it's been alright. Thank you very much for asking. So Julian, or we— I'm Mr. Vance, you can call me Mr. Vance, and I'll be the tutor for today and maybe the upcoming weeks as well. Alright, so today we will be learning something new, which is identifying parallel and perpendicular lines. Do you know anything about how these lines work?",00:00:15
mvpzxhr,6,student,"Yeah, I think so.",00:00:44
mvpzxhr,7,tutor,"Okay, so tell me about it. What do you know about parallel lines, perpendicular lines? What does it all tell you about? [unclear]",00:00:46
mvpzxhr,8,student,So parallel line is a line that travels in the same direction as another line but without ever touching it.,00:00:57
mvpzxhr,9,student,"Okay, so parallel lines are two lines that travels in the same distance but always apart. Okay, and how about perpendicular lines?",00:01:04
mvpzxhr,10,background,It's lines that like intersect at a 90-degree angle.,00:01:15
mvpzxhr,11,tutor,"That's right, well done. And let me quickly ask you about a gradient. What do you mean by a gradient?",00:01:20
mvpzxhr,12,student,It's like the steepness of the line.,00:01:29
mvpzxhr,13,tutor,"Okay, well done. So that's a background check of what we need to learn for today. We'll move on into the SAT style questions. Here we go. So there is this first question for you to do by yourself. Read it out loud, and you can think out loud too. Okay, but if you're stuck anywhere, you can always reach out to me. Are we good to go?",00:01:33
mvpzxhr,14,student,Yeah.,00:02:00
mvpzxhr,15,tutor,"Okay, let's see. Let's move on. Okay, there are a few lines they have mentioned. So what do you have to do first?",00:02:01
mvpzxhr,16,student,"For parallel lines, you have to find ones with the same gradient but cross that [UNCLEAR].",00:02:13
mvpzxhr,17,tutor,"That's right. Good job. Okay, go ahead. Which one are those? [unclear]",00:02:18
mvpzxhr,18,tutor,"Yeah, and see, well done. Could you type in the answer for me, please? Okay, well done, Julian. Or let me ask you, why not B? B and E, they look the same to me.",00:02:29
mvpzxhr,19,student,Because B's got a negative in front of [UNCLEAR].,00:02:52
mvpzxhr,20,tutor,"Okay, good job. I wanted you to mention the negative sign. So a sign makes a huge difference when it comes down to lines. Okay, so moving on to the B part of the question, what do you have to do?",00:02:55
mvpzxhr,21,student,You have to find one where the gradient is reciprocal.,00:03:15
mvpzxhr,22,tutor,"Okay, is that correct?",00:03:22
mvpzxhr,23,student,Mm-hmm.,00:03:24
mvpzxhr,24,tutor,"Okay, go ahead, give me your answer there.",00:03:28
mvpzxhr,25,student,Is it E?,00:03:39
mvpzxhr,26,tutor,"Okay, and why do you think it's E?",00:03:41
mvpzxhr,27,student,Yeah.,00:03:44
mvpzxhr,28,background,"Because it has to be like the reciprocal, so if it's -2x, then it'd be positive 1/2.",00:03:46
mvpzxhr,29,tutor,"Okay, that's right. The answer is E. There you go. I want you to be more confident with the answer. It's alright to make mistakes, okay?",00:03:55
mvpzxhr,30,tutor,"All right, okay. Now type in your answer, please. Okay, how about the last one? [unclear]",00:04:05
mvpzxhr,31,tutor,So this is like 3/6. You can divide by 3 to get 1/2. [unclear],00:04:31
mvpzxhr,32,student,Yeah.,00:04:41
mvpzxhr,33,background,So we're all right.,00:04:54
mvpzxhr,34,tutor,"[unclear] Yeah. Okay, so anything with the gradient of the negative of the reciprocal and then whatever the intercept is. So that's all right. Well done, Julian. Oh yeah, give you a praise card for it. Why not? And moving on into our next question. A bit complicated and keeps you thinking. I want you to quickly try this, okay? What do you have to do here?",00:04:56
mvpzxhr,35,student,[unclear] equations of each of the lines.,00:05:33
mvpzxhr,36,tutor,"Okay, that's right. Yeah, that's for starters. You would have to find the equations of the line, and then you would have to make sure they are perpendicular.",00:05:38
mvpzxhr,37,tutor,Okay.,00:05:48
mvpzxhr,38,student,"Okay. You could use this white space here if you wanted to do the workings. Oh yeah, anything that's convenient with you. [unclear] the ratio value. The other one, you can just use the ratio and [unclear] to work with.",00:05:49
mvpzxhr,39,tutor,Yes.,00:06:36
mvpzxhr,40,student,"So,",00:06:37
mvpzxhr,41,tutor,You know when you're writing the gradient as a fraction?,00:06:39
mvpzxhr,42,student,"Sorry, yeah, what [UNCLEAR]?",00:06:46
mvpzxhr,43,tutor,"When you write like the gradient as a fraction, which bit do you put on top? Like how much it goes across or how much it goes up and down?",00:06:49
mvpzxhr,44,student,"Okay, so for you to find the gradient, what is the equation that you use to find the gradient? Do you remember?",00:06:59
mvpzxhr,45,student,"What? y mx Okay, but [UNCLEAR].",00:07:07
mvpzxhr,46,tutor,"only to find the gradient. Oh, the",00:07:12
mvpzxhr,47,student,"difference in y over the difference in x. Oh, yeah. Yes, okay.",00:07:14
mvpzxhr,48,tutor,"Okay, there you go. [unclear]",00:07:18
mvpzxhr,49,student,"And it's going down, so it's gonna be a negative. [unclear]",00:07:39
mvpzxhr,50,tutor,"Yeah, I can. This should be— the [unclear] should be— [unclear]",00:08:14
mvpzxhr,51,tutor,Yeah.,00:08:29
mvpzxhr,52,student,"Yeah, the perpendicular.",00:08:49
mvpzxhr,53,tutor,"All right, Julian, could you quickly tell me what are the two gradients for A and B?",00:08:53
mvpzxhr,54,student,"So for B, the gradient is 3.",00:09:01
mvpzxhr,55,tutor,"Okay, so yeah, gradient of B is correct. Well done. And how did you find the gradient?",00:09:04
mvpzxhr,56,student,The difference in y over difference in x.,00:09:13
mvpzxhr,57,tutor,"Okay, and yeah, which two points did you take for it?",00:09:17
mvpzxhr,58,student,"For B, I used to— [unclear] like across one, so the difference of the x-axis is 1, and up 3, so for the y part it was 3, and 3 over 1 is just equal to 3.",00:09:24
mvpzxhr,59,tutor,"All right, okay. Well done. And what about A?",00:09:41
mvpzxhr,60,student,"For A, the difference in [unclear] was 1.",00:09:50
mvpzxhr,61,tutor,Okay.,00:10:04
mvpzxhr,62,student,"Wait, one of them was wrong. [unclear]",00:10:05
mvpzxhr,63,student,"So yeah, the difference in y was 1, so I'll put 1 on the top.",00:10:23
mvpzxhr,64,tutor,"That's right, okay.",00:10:29
mvpzxhr,65,student,"And the difference in x, oh, was 2. I misread that.",00:10:30
mvpzxhr,66,tutor,Okay.,00:10:36
mvpzxhr,67,student,"Should be 1 over 2, not 1 over 3.",00:10:36
mvpzxhr,68,tutor,"Okay. Hold up. Is it just 2, or is there any sign conversion for it, sign convention for it? [unclear]",00:10:38
mvpzxhr,69,student,0.5.,00:10:50
mvpzxhr,70,tutor,Sorry?,00:10:58
mvpzxhr,71,tutor,"Oh, I didn't get you there.",00:10:59
mvpzxhr,72,student,Do you mean like 0.5?,00:11:02
mvpzxhr,73,tutor,"Oh no, uh, the answer 2 is correct, which would go on the denominator, but then you have to keep the sign in mind. So it is moving towards the negative side, yeah? So it will be a -2 eventually where the, uh, where the fraction will become a minus.",00:11:08
mvpzxhr,74,student,Yeah.,00:11:30
mvpzxhr,75,tutor,"Okay, yeah, this is— yeah, keep that in mind. Don't forget about it. So yeah, once again, let me ask you, so what is the gradient of A?",00:11:31
mvpzxhr,76,student,"Uh, should be -1 over [UNCLEAR].",00:11:45
mvpzxhr,77,tutor,"That's right, good job. Okay, which means they're not perpendicular. That's right, they are not perpendicular. If they were perpendicular, then what is the criteria for it? [unclear] The gradient has to be reciprocal. Okay, the gradient has to be reciprocal. But also?",00:11:48
mvpzxhr,78,student,[unclear],00:12:19
mvpzxhr,79,tutor,"Okay, the gradient has to be reciprocal and also negative. Okay, it's a negative reciprocal. Always keep that in mind. Okay?",00:12:22
mvpzxhr,80,student,Yeah.,00:12:35
mvpzxhr,81,tutor,"Okay, well done. That's about it for this question here. Moving on, quickly jumping into the Last question. Alright, here too you would have to do some work, and yeah, so go ahead. Let's just do this. [unclear] [unclear]",00:12:36
mvpzxhr,82,tutor,"Yeah, no— No, like I have the X-ray too so... [unclear]",00:13:29
mvpzxhr,83,student,"Yeah, I think I'm here.",00:13:56
mvpzxhr,84,tutor,What were you saying?,00:14:00
mvpzxhr,85,tutor,I think I missed one. [unclear],00:14:02
mvpzxhr,86,student,There are really private hostel now.,00:14:08
mvpzxhr,87,tutor,"And about the dating and nightlife, they arranged them in the Rachel's Sex Club. Is that actually what they do then? [unclear]",00:14:17
mvpzxhr,88,student,[unclear],00:14:17
mvpzxhr,89,student,Is that right for the first one?,00:14:17
mvpzxhr,90,student,"Yeah, the C would be -22.",00:15:23
mvpzxhr,91,tutor,"Good job. Yeah, that's right. You could move ahead. [unclear]",00:15:28
mvpzxhr,92,tutor,Why do I have to get [UNCLEAR]? Yeah?,00:15:44
mvpzxhr,93,student,Because so— 8 years Python straight-line with this 37 degrees from S prep through some... From 180 to that vertical thing. Then also add 37 degrees from that thing. [unclear],00:15:49
mvpzxhr,94,tutor,Yeah.,00:16:11
mvpzxhr,95,student,[unclear] [unclear],00:16:11
mvpzxhr,96,tutor,"So, I'm—",00:16:57
mvpzxhr,97,student,"Yeah, there are— [unclear]",00:16:59
mvpzxhr,98,tutor,"Yeah, and then this [unclear] then I call 0.5, so I divide by 5.",00:17:06
mvpzxhr,99,student,Like 5.,00:17:24
mvpzxhr,100,tutor,"And yeah, I'll do the [unclear] from this, and I'll shake and shake it very thick. And one drop of this. So, and then add them together to get 42.",00:17:27
mvpzxhr,101,student,"From my own thing on the chair, like, I'll see here, like, so, oh, that's fine. [unclear]",00:17:40
mvpzxhr,102,tutor,"Could I wake them up like, you know, by [unclear]",00:18:00
mvpzxhr,103,student,"Yes, I think I am.",00:18:32
mvpzxhr,104,tutor,I think this is just like a practice for me. I've gone through it a lot. [unclear],00:18:44
mvpzxhr,105,student,"Should we be like, um, acting or something for the aliens?",00:18:50
mvpzxhr,106,tutor,Yeah. [unclear],00:19:12
mvpzxhr,107,student,"So we mostly revise on how to actually take it, visualize, you know, in like different forms.",00:19:16
mvpzxhr,108,tutor,"Julian, is everything all right?",00:19:28
mvpzxhr,109,student,I'm just thinking. [unclear],00:19:36
mvpzxhr,110,tutor,"Okay, so long as it seems all right, you have substituted the values correct and you are using the right equation as well. Just you have to find C and, uh, yeah, keep going, Julian. I'll give you a few more minutes. If you're stuck, just let me know, okay? [unclear]",00:19:39
mvpzxhr,111,student,"Yeah, I think— yeah.",00:20:07
mvpzxhr,112,tutor,They've got like extra ratios for you to work with. [unclear],00:20:13
mvpzxhr,113,tutor,"So, like, if I am— [unclear]",00:20:34
mvpzxhr,114,student,"So, if I am—",00:20:41
mvpzxhr,115,tutor,I'll move to the next slide. [unclear],00:20:46
mvpzxhr,116,student,What is it?,00:21:00
mvpzxhr,117,student,I think I'm all right with the double brackets already. Yeah. [unclear],00:21:22
mvpzxhr,118,student,"Yeah, we can do that.",00:21:46
mvpzxhr,119,tutor,"All right, Julian. Yeah, uh, okay, so this is a decimal over here. Let me quickly check it for you. So yeah, that would be correct, but I would prefer you, when working out, leave as fractions itself. Why did you convert it into a decimal over here?",00:21:48
mvpzxhr,120,tutor,Do you have any specific reason?,00:22:11
mvpzxhr,121,student,"It's just because I don't really know. I just knew there was a times, so I just divided by the bottom, which got me 0.4, but because it's two negatives, it cancels the negatives out. It's just given me 0.4.",00:22:18
mvpzxhr,122,tutor,"Okay. [unclear] Yeah, simply when you multiply fractions, so yeah, let me quickly run you through this, okay? So -1.5 into a -2 would be minus and minus becomes a plus, and you would have to only do multiply to the numerator, yeah? That's how multiplication in fractions work. You do not touch the denominator, only the numerator would change. So there you go, 1 times 2 would be 2. So that'll be a 2/5. So in this case, 1 is equal to 2/5 plus a C.",00:22:37
mvpzxhr,123,student,[unclear],00:23:14
mvpzxhr,124,tutor,"And that 2/5 you have to take away from 1 to find the C. So 1 minus, let me type it out for you. So 1 minus that 2/5. 5. Okay, sorry about that. Would be, once again, when you work with fractions, it will be a— you would get your answer as 3 over 5. Yes, would that be correct?",00:23:15
mvpzxhr,125,student,I think so.,00:23:52
mvpzxhr,126,tutor,"Okay, or you could check with your answer as well. So how much is 3 divided by 5 would give you?",00:23:56
mvpzxhr,127,student,0.6.,00:24:10
mvpzxhr,128,tutor,"0.6, okay, that's right. Well then, Julian, no worries, you would secure the whole mark, but just in case to make your, you know, the workings more accurate, it'll be better off if you could keep them as fractions. All right?",00:24:11
mvpzxhr,129,student,Yeah.,00:24:27
mvpzxhr,130,tutor,"This is a quick tip. Okay, so apart from that, you have done it really good and awesome effort, well done. So this is one last question for you to do, okay? And here we go. Yeah, so a tricky one, but I know you're gonna nail it, okay? I want you to try it by yourself, but if you're stuck, you could reach out to me.",00:24:27
mvpzxhr,131,student,Yeah. [unclear],00:24:54
mvpzxhr,132,tutor,"Okay, let's go.",00:24:55
mvpzxhr,133,tutor,A rectangle is shown in the diagram. The length of the rectangle is 2x 1.,00:25:26
mvpzxhr,134,tutor,"It would be like, uh, y, y, maybe it was like [unclear]",00:25:43
mvpzxhr,135,student,"It's asking for an expression, yeah? So, if I actually, uh, I close the bracket together for if, and then expand it.",00:25:50
mvpzxhr,136,tutor,What's line B?,00:26:05
mvpzxhr,137,student,Would it be x over 2?,00:26:09
mvpzxhr,138,tutor,"Oh, sorry.",00:26:10
mvpzxhr,139,student,"Well, if I'm b, would it be x over 2, or would it be something different?",00:26:12
mvpzxhr,140,tutor,"Okay, so you could do it as half into x. Would that make it more [unclear] to understand? [unclear]",00:26:19
mvpzxhr,141,tutor,"Yeah, because I was thinking that might be the way you do it, because I've never actually seen one with an x in the fraction.",00:26:43
mvpzxhr,142,student,"Okay. Tutor is, what you could do over here when you see a question like this, what could you do basically?",00:26:52
mvpzxhr,143,student,You have to rearrange it.,00:27:10
mvpzxhr,144,tutor,"That's right. Okay, good job. Keep going. [unclear]",00:27:15
mvpzxhr,145,student,So that's the answer. [unclear],00:27:56
mvpzxhr,146,tutor,Yeah. [unclear],00:28:44
mvpzxhr,147,student,"Well, the entire run was 120. And the end of the run— [unclear]",00:29:23
mvpzxhr,148,student,"Things like [unclear] parts, you know, whatever, and 3 parts are the shaded parts. So for which reason [unclear]",00:29:46
mvpzxhr,149,student,I think I got the answer. Thank you. Okay. [unclear],00:30:01
mvpzxhr,150,student,"Oh, I would have done that, but it's from [UNCLEAR]. I'm straight on it. Sorry. I didn't give it. [unclear]",00:30:44
mvpzxhr,151,student,"I know, I was too sure that was actually— unless I'm hearing Tutor is communicating with Background. [unclear]",00:30:54
mvpzxhr,152,tutor,"And slowly— oh, I'm sorry, it's very hard connecting to the internet. [unclear]",00:31:12
mvpzxhr,153,student,"divided through to x² 9, and it's [unclear]",00:31:12
mvpzxhr,154,student,"First, I work out -3 squared first, which I [unclear] and -3 times together to get positive 9.",00:31:51
mvpzxhr,155,tutor,"Yeah. All right, Julian. Oh, it's blank over here still.",00:32:59
mvpzxhr,156,student,"I think it'd be D, but it also has the same [UNCLEAR].",00:33:09
mvpzxhr,157,tutor,"You think it's D, but what do you think?",00:33:17
mvpzxhr,158,student,It's got the same gradient.,00:33:23
mvpzxhr,159,tutor,Why is it confusing?,00:33:24
mvpzxhr,160,tutor,"Okay, it has the same gradient, that's right.",00:33:27
mvpzxhr,161,student,But it also has the same y-intercept.,00:33:30
mvpzxhr,162,tutor,"Okay, but when you look at the actual line D, it was different. Yeah, you have rearranged it.",00:33:36
mvpzxhr,163,student,Yeah.,00:33:44
mvpzxhr,164,tutor,"So, okay, 2x minus [UNCLEAR]. [unclear]",00:33:50
mvpzxhr,165,tutor,"And then 2x 2. So of course they are parallel, you have no confusion with that. Okay? Yeah.",00:33:56
mvpzxhr,166,student,So,00:34:06
mvpzxhr,167,tutor,"the answer that you told me is quite correct. Okay, so yeah, good job with rearranging the lines, but do you sense any mistake? I wouldn't consider it as a huge mistake, but then you would have to keep this in mind.",00:34:07
mvpzxhr,168,student,Is that some of my [unclear] in the front?,00:34:28
mvpzxhr,169,tutor,"That's right. So always remember that the equation of a line is y mx c. Yeah, it always has to be in this order.",00:34:34
mvpzxhr,170,tutor,"Okay, okay, so this is a quick tip for you. So as for marking, rearranging the equations already gives you like 3 marks ahead. Okay. Oh wait, it gives you like 2 marks ahead, and this answer that you have given just carries 1 mark. Okay?",00:34:47
mvpzxhr,171,student,Yeah.,00:35:08
mvpzxhr,172,tutor,"So that's how important rearranging the lines in order for you and the person who corrects to understand it in a better way. Okay, and as for your answer, this is correct. And once again, what is the criteria for lines being parallel?",00:35:09
mvpzxhr,173,student,[unclear] from the same gradient.,00:35:09
mvpzxhr,174,tutor,"That's right. And as for B part, what is the criteria for lines being perpendicular?",00:35:34
mvpzxhr,175,student,It has to be a negative reciprocal.,00:35:42
mvpzxhr,176,tutor,"That's right. Good job, Julian. Oh, well done and awesome effort. You gave me a very nice explanation as well. So yeah, once again, keep in mind the equation of a line is— what is the equation of a line?",00:35:46
mvpzxhr,177,student,"y mx Okay, good [UNCLEAR].",00:36:01
mvpzxhr,178,tutor,"job. So that's about for this lesson. Okay, so here we go. I'm just testing you as to how— what we have learned for the day.",00:36:06
mvpzxhr,179,student,Okay.,00:36:21
mvpzxhr,180,tutor,Could you do this as well? Yeah. [unclear],00:36:23
mvpzxhr,181,student,"Well, this one's wrong because they found the recipe",00:36:28
mvpzxhr,182,student,"Instead of having— because it's asking for parallel, not perpendicular, and they felt what perpendicular would be. [unclear]",00:36:32
mvpzxhr,183,tutor,"Okay, go ahead and give me the correct answer then.",00:36:42
mvpzxhr,184,tutor,"Yeah, well done. Any intercept would do. Yeah. What about the next one? [unclear]",00:37:00
mvpzxhr,185,student,"For this one, they found the reciprocal, but they haven't made it the negative reciprocal.",00:37:11
mvpzxhr,186,tutor,Cool. [unclear],00:37:24
mvpzxhr,187,student,"Okay, all right. Yeah, that's great.",00:37:27
mvpzxhr,188,tutor,negative 2x.,00:37:27
mvpzxhr,189,student,"Mm-hmm. Okay, yeah, that's about it. So they have missed the negative reciprocal, which I kept on reminding you to as well. So yeah, well done, Julian. That's about it for our lesson. And yeah, we have a few more minutes, so [unclear]",00:37:31
mvpzxhr,190,tutor,"Okay, cannot move on to the next lesson. Questions to end your session. Yeah. So Julian, could you quickly tell me if you complete a lesson in the session, do you just do only one lesson per day?",00:37:56
mvpzxhr,191,tutor,"If there's enough time, I'll move on to the start of the next lesson.",00:38:22
mvpzxhr,192,student,"Yeah, you would usually start the next— you would usually start a new lesson, yeah?",00:38:28
mvpzxhr,193,tutor,Yeah.,00:38:33
mvpzxhr,194,student,"Oh, okay, I see. So yeah, we— okay, so the deal here is you have covered all the lessons. Okay, so we can't move on to the next because there is none left. So yeah, let's just keep that on for a while. That's all right. So Julian, could you quickly take me through what you have learned throughout, uh, throughout our lesson today, just for the day? [unclear] [unclear]",00:38:36
mvpzxhr,195,student,"I learned that when you do the reciprocal for the perpendicular, it has to be like the opposite. So if it was a negative reciprocal, it has to be a positive normal number. Or if you have a negative normal number, it has to be the negative reciprocal.",00:39:10
mvpzxhr,196,tutor,"Okay, yeah. It is always a negative reciprocal. So what happens when you multiply a negative number by a negative number?",00:39:33
mvpzxhr,197,student,It becomes positive.,00:39:42
mvpzxhr,198,tutor,"It becomes positive. Yeah, so, oh yeah, that's what you told us, but it becomes the opposite reciprocal. Oh, all right. And then what about parallel lines? What do you have to be mindful of? About the way you rearrange them because I put the like, I put the C part in front of the gradient when it should be y mx c, so the gradient should be first. Okay, yeah,",00:39:44
mvpzxhr,199,tutor,"and yeah, how do you know two lines? Are parallel to each other.",00:40:21
mvpzxhr,200,student,If they have the same gradient.,00:40:28
mvpzxhr,201,tutor,"If they have the same gradient, yes. You would always have to watch out for the sign which is in front. Okay, that would be a quick reminder for you. And yeah, what else did we learn? [unclear] Oh, also we learned about how to find the gradient. What is the equation to how we find the gradient?",00:40:30
mvpzxhr,202,student,difference in y over difference in x.,00:40:30
mvpzxhr,203,tutor,"Okay, difference in y over difference in x. So always the numerator would be the difference in y, and then the denominator would always be the difference in x. That should not be confused, okay?",00:41:03
mvpzxhr,204,student,Yeah.,00:41:17
mvpzxhr,205,tutor,"Okay, all right. So we have like a minute left. Do you have any other lesson that you are [UNCLEAR]? Struggling with. I could just quickly revise it for you. Oh, you seem really good here. Well participated, you are well organized as well. Okay, so yeah, keep up the good work. And yeah, I want you to be more confident with your answer. Okay, you are doing it really nice, but if you could be more confident with your answer, it will be, you know, more— better way. [unclear]",00:41:18
mvpzxhr,206,student,"Yeah. Yeah, is there any lesson that you are struggling with, you find difficult to understand?",00:41:50
mvpzxhr,207,student,"Not really too, too much, because I also revise it at home if I don't understand anything.",00:42:04
mvpzxhr,208,tutor,"Okay, that's right. So, yeah. So Julian, I just want to—",00:42:09
mvpzxhr,209,tutor,"You know, say good luck for your exams. Is it really close by? Is it coming close by?",00:42:18
mvpzxhr,210,student,"Yeah, I think the first one's next week.",00:42:26
mvpzxhr,211,tutor,"Oh, all right. Okay. So good luck with your exams. [unclear] Confident. And yeah, that's the end of our session as well. Have a great day.",00:42:30
mvpzxhr,212,student,You too.,00:42:39
mvpzxhr,213,tutor,See you.,00:42:39
mvpzxhr,214,student,Bye.,00:42:41
mvpzxhr,215,tutor,Bye.,00:42:42
